zone09  Latitude        Longitude
1       41.89457679280  -87.64530747770
2       41.89464672260  -87.64042628850
3       41.89471289300  -87.63551301540
4       41.89476770920  -87.63062889530
5       41.89483043620  -87.62579253650
6       41.89490040330  -87.62094432400
7       41.89306124730  -87.61034233020
8       41.89093504040  -87.64519056000
9       41.89099592080  -87.64030158560
10      41.89106347050  -87.63541996760
11      41.89111662500  -87.63053432640
12      41.89117729250  -87.62569002390
13      41.89124836740  -87.62083347310
14      41.88726335480  -87.64508089650
15      41.88732980260  -87.64020044920
16      41.88739907310  -87.63531466030
17      41.88745836270  -87.63043066950
18      41.88752935600  -87.62556377770
19      41.88784799860  -87.61722219390
20      41.88361500810  -87.64496980430
21      41.88368368460  -87.64008955400
22      41.88375022070  -87.63520672260
23      41.88380789590  -87.63032509130
24      41.88388080750  -87.62544399950
25      41.88419149880  -87.61875692660
26      41.87995256240  -87.64485046930
27      41.88001919640  -87.63997365930
28      41.88007580010  -87.63510521280
29      41.88013797130  -87.63023077520
30      41.88020509960  -87.62536066160
31      41.87846859360  -87.61974892400
32      41.87628928570  -87.64473401590
33      41.87635222430  -87.63986486000
34      41.87641244420  -87.63500471240
35      41.87648061210  -87.63013652400
36      41.87654428020  -87.62528628990
37      41.87254508330  -87.64460848340
38      41.87262863790  -87.63975127130
39      41.87269470540  -87.63490011690
40      41.87276095810  -87.63003863730
41      41.87281721300  -87.62521527030
42      41.87105221500  -87.61950393490
43      41.86888269030  -87.64448138220
44      41.86896274970  -87.63962539830
45      41.86903265200  -87.63480061950
46      41.86910107650  -87.62995010000
47      41.86915633600  -87.62515121100
48      41.90702171880  -87.66273789330
49      41.90716495630  -87.65305065310
50      41.90731021230  -87.64334287810
51      41.90745871900  -87.63361869110
52      41.90751741780  -87.62635137310
53      41.89976601000  -87.66251981960
54      41.89990530550  -87.65280790660
55      41.90004190400  -87.64307362580
56      41.90017688520  -87.63331729350
57      41.89945485530  -87.62235892790
58      41.89249468880  -87.66228777140
59      41.89263962800  -87.65256694570
60      41.88518905410  -87.66203949190
61      41.88534520730  -87.65232351000
62      41.87787220070  -87.66180902030
63      41.87803065090  -87.65209653580
64      41.87054522200  -87.66159997170
65      41.87069782850  -87.65188378020
66      41.86325090620  -87.66142045260
67      41.86340257430  -87.65169195170
68      41.86354965440  -87.64197952700
69      41.86368473780  -87.63228640820
70      41.86380609810  -87.62257763450
71      41.86373099130  -87.61280381850
72      41.85599153090  -87.66126825720
73      41.85614699160  -87.65151863140
74      41.85629124740  -87.64179857230
75      41.85642089680  -87.63211015080
76      41.85653041590  -87.62240530170
77      41.85659666090  -87.61201206670
78      41.91771770040  -87.67770626300
79      41.91799562800  -87.65824215670
80      41.91802368260  -87.63742427400
81      41.90318142390  -87.67728355120
82      41.88860561960  -87.67683375270
83      41.87399942870  -87.67640090020
84      41.85943424740  -87.67603735520
85      41.84493259060  -87.67565423640
86      41.84517757910  -87.65617531310
87      41.84543665720  -87.63671408390
88      41.84553704410  -87.61795718140
89      42.00103023630  -87.93039228030
90      42.00153793690  -87.91229349750
91      42.00214392970  -87.89429512190
92      41.97982329870  -87.90792657300
93      41.97643685240  -87.88575795910
94      41.99137685390  -87.88092579380
95      41.97675423130  -87.87124899720
96      41.95784056450  -87.91267725720
97      41.95807283930  -87.89533359850
98      41.98836978880  -87.85646774940
99      41.98883742460  -87.83663759230
100     41.97342728520  -87.85651621880
101     41.97387533570  -87.83664746070
102     41.95888083030  -87.85641193740
103     41.95938877870  -87.83664455720
104     41.94436371670  -87.85592596610
105     41.94480892470  -87.83631227030
106     42.01876016260  -87.81633813300
107     42.00423663200  -87.81648824510
108     41.98924826170  -87.81683698360
109     41.97426478770  -87.81693278390
110     41.94522766550  -87.81680826650
111     42.00457267180  -87.79690610490
112     42.00461690760  -87.77740716300
113     42.00455968220  -87.75798646650
114     42.01931197400  -87.69953425720
115     42.01956357770  -87.68049257940
116     42.01909705900  -87.66700091420
117     42.00476288660  -87.69962177800
118     42.00519470430  -87.68030213080
119     42.00473997240  -87.66377702380
120     41.99006001490  -87.79723751920
121     41.99009325300  -87.77789885930
122     41.98997875360  -87.75818317980
123     41.98996120370  -87.73851466440
124     41.99012106890  -87.71893445520
125     41.99030134030  -87.69939746550
126     41.97559916720  -87.79746613960
127     41.97539184770  -87.77788195380
128     41.97535542390  -87.75815515890
129     41.97542369830  -87.73812232490
130     41.97561036760  -87.71850784960
131     41.97578217190  -87.69895674420
132     41.96045248120  -87.79718197590
133     41.96062660420  -87.77738596090
134     41.96059413390  -87.75741592820
135     41.96084059860  -87.73771785790
136     41.96104972780  -87.71810515560
137     41.96123548340  -87.69849822230
138     41.94550472400  -87.79666930780
139     41.94571802840  -87.77655121980
140     41.94598152760  -87.75695667680
141     41.94623842860  -87.73728629880
142     41.94648416510  -87.71765113610
143     41.94665435600  -87.69808090680
144     41.93089131150  -87.79609701250
145     41.93111748460  -87.77599636010
146     41.93135102360  -87.75643640610
147     41.93165098170  -87.73681204390
148     41.93188698540  -87.71722608960
149     41.93208185980  -87.69766816440
150     41.91628604540  -87.79561255360
151     41.91649968350  -87.77547997800
152     41.91675227160  -87.75595328640
153     41.91701694880  -87.73637187750
154     41.91729300100  -87.71678304450
155     41.91749937760  -87.69724187530
156     41.99060032060  -87.67989557010
157     41.99080925090  -87.66122758400
158     41.97603400300  -87.67941590210
159     41.97592207940  -87.65767584430
160     41.96144873040  -87.67900448260
161     41.96171796020  -87.65960525420
162     41.96214560480  -87.64294763360
163     41.94684598160  -87.67856804490
164     41.94711123720  -87.65918547510
165     41.94676980590  -87.64244800610
166     41.93226285730  -87.67814390870
167     41.93253190480  -87.65871780310
168     41.93266647030  -87.63966389540
169     41.90191547870  -87.77530147580
170     41.90217164670  -87.75576574710
171     41.90242865430  -87.73609277860
172     41.90271745810  -87.71652939250
173     41.90293524060  -87.69694055270
174     41.88734968960  -87.77492089220
175     41.88760047110  -87.75534572770
176     41.88787935660  -87.73565631340
177     41.88813568630  -87.71606547660
178     41.88834831470  -87.69647088520
179     41.87273996820  -87.77439817360
180     41.87303098430  -87.75480678650
181     41.87329093970  -87.73521173600
182     41.87355663750  -87.71562973650
183     41.87377097050  -87.69606214690
184     41.85871449040  -87.73472919770
185     41.85896021450  -87.71520574920
186     41.85919642570  -87.69566996730
187     41.84408854890  -87.73427964930
188     41.84435416080  -87.71480369140
189     41.84463534730  -87.69521805560
190     41.82948727170  -87.73389706540
191     41.82975630440  -87.71440935610
192     41.83007493220  -87.69482658430
193     41.83035515270  -87.67532307110
194     41.83061946050  -87.65586215350
195     41.83086434770  -87.63636704180
196     41.83078458360  -87.61500113700
197     41.81496488410  -87.73357362270
198     41.81522673110  -87.71403985190
199     41.81550727550  -87.69447361730
200     41.79939593370  -87.79193270750
201     41.79983707850  -87.77226812570
202     41.80019861240  -87.75276228410
203     41.80043791490  -87.73319768840
204     41.80068632670  -87.71361212240
205     41.80099556580  -87.69405026650
206     41.78483300740  -87.79142270180
207     41.78522196770  -87.77176307010
208     41.78556778850  -87.75226525450
209     41.78585062440  -87.73275453750
210     41.78610867030  -87.71316178460
211     41.78638182200  -87.69357010130
212     41.77126354920  -87.73230202470
213     41.77153265030  -87.71274808940
214     41.77178993440  -87.69320089990
215     41.75668411160  -87.73191088400
216     41.75694921620  -87.71237289150
217     41.75724908770  -87.69281300830
218     41.74203426020  -87.73149323430
219     41.74238458000  -87.71201070720
220     41.74268349770  -87.69248092860
221     41.81578880750  -87.67492802710
222     41.81603648600  -87.65546387490
223     41.81630356000  -87.63602088710
224     41.81659750410  -87.61652446800
225     41.81487410080  -87.59282748470
226     41.80124907600  -87.67451799880
227     41.80144529830  -87.65507291760
228     41.80175416240  -87.63564013250
229     41.80210009830  -87.61618115870
230     41.80152759550  -87.59216626460
231     41.78663592110  -87.67413710490
232     41.78687016650  -87.65471130000
233     41.78715764130  -87.63525871730
234     41.78751060170  -87.61584888820
235     41.78782023380  -87.59636329990
236     41.78725110260  -87.58136242960
237     41.77203773750  -87.67371980520
238     41.77230711340  -87.65432710120
239     41.77257431400  -87.63488226880
240     41.77293552540  -87.61546073810
241     41.77323790840  -87.59606315360
242     41.77299800520  -87.57752231420
243     41.75752190410  -87.67333798440
244     41.75776548620  -87.65395664490
245     41.75804923980  -87.63450945440
246     41.75837654820  -87.61506634240
247     41.75866601010  -87.59570590460
248     41.75889943930  -87.57616354560
249     41.74297455750  -87.67298289150
250     41.74323407190  -87.65355810580
251     41.74350054460  -87.63410138030
252     41.74378195630  -87.61471273470
253     41.74406579470  -87.59535116090
254     41.74434779610  -87.57589372060
255     41.75797055250  -87.55784915210
256     41.74457669360  -87.55641265970
257     41.74346471040  -87.54014432050
258     41.71330070170  -87.71139251260
259     41.71354338120  -87.69177404820
260     41.69871389480  -87.71089977270
261     41.69897290590  -87.69127418720
262     41.68382578020  -87.72979361830
263     41.68412127290  -87.71035078540
264     41.68436906830  -87.69078561110
265     41.72838315270  -87.67262060780
266     41.72866205410  -87.65316609480
267     41.72889753730  -87.63370594970
268     41.72916455820  -87.61433104160
269     41.72946614280  -87.59500257640
270     41.72975937280  -87.57557993870
271     41.71380370160  -87.67220574030
272     41.71406472730  -87.65274818550
273     41.71431971690  -87.63333617720
274     41.71457596850  -87.61395992610
275     41.71489206340  -87.59460081480
276     41.71315116990  -87.57285763940
277     41.69925481940  -87.67173992690
278     41.69952017710  -87.65232094200
279     41.69973998320  -87.63295326050
280     41.70000600560  -87.61357085900
281     41.69839335390  -87.59177232840
282     41.69737283310  -87.57163497510
283     41.68468517640  -87.67129281770
284     41.68498097780  -87.65190402220
285     41.68520116650  -87.63252653580
286     41.68373638890  -87.61087777800
287     41.68277299260  -87.59066208900
288     41.68093844030  -87.56907245290
289     41.67039805400  -87.65144802040
290     41.66907267690  -87.62984015010
291     41.66820449880  -87.60970034950
292     41.66643886650  -87.58833588900
293     41.66648036240  -87.56896823650
294     41.65354279220  -87.62871473550
295     41.65184184920  -87.60756572560
296     41.65188415330  -87.58822782610
297     41.65194794380  -87.56894714210
298     41.72784902160  -87.55372760910
299     41.72771000370  -87.53673342400
300     41.71202589220  -87.55255591250
301     41.71013718500  -87.53244008220
302     41.69548524740  -87.54988857430
303     41.69543995060  -87.53256030550
304     41.68097129380  -87.54973308140
305     41.68091408850  -87.53248320590
306     41.66642825760  -87.54964598630
307     41.66639191340  -87.53246728680
308     41.65188428990  -87.54952780980
309     41.65189973560  -87.53239558850
310     42.13955458840  -88.21890907870
311     42.13951942130  -88.18008271690
312     42.13952118210  -88.14114860580
313     42.11040047290  -88.21892680650
314     42.11034517470  -88.18006706310
315     42.11043133750  -88.14113574470
316     42.08151563030  -88.21883087110
317     42.08149981900  -88.17992659870
318     42.08154470770  -88.14108966360
319     42.05609443200  -88.24321556970
320     42.05647556890  -88.20333753330
321     42.05670082100  -88.16425494100
322     42.03058169240  -88.24286138170
323     42.03119507130  -88.20326757340
324     42.03171017090  -88.16427720300
325     42.00136459300  -88.24302172600
326     42.00200331690  -88.20346760920
327     42.00966600810  -88.17401457380
328     42.00989449270  -88.15439073630
329     41.99506053150  -88.17413174470
330     41.99534029660  -88.15454874180
331     42.13959478870  -88.10214532560
332     42.13939960630  -88.06308829340
333     42.14648990100  -88.03376634130
334     42.14643449110  -88.01427398660
335     42.13199862410  -88.03389454560
336     42.13191236590  -88.01429593410
337     42.11062185280  -88.10222423730
338     42.11774710540  -88.07293920130
339     42.11762930680  -88.05342584010
340     42.11755964830  -88.03396970790
341     42.11743626160  -88.01440837470
342     42.10324095710  -88.07300593200
343     42.10318454060  -88.05341783410
344     42.10307823030  -88.03402633560
345     42.10295143820  -88.01450157190
346     42.08160675460  -88.10237174450
347     42.08875711230  -88.07304789370
348     42.08869388160  -88.05349599060
349     42.08855867550  -88.03411065460
350     42.08846305860  -88.01462002980
351     42.07426008460  -88.07315098450
352     42.07413891800  -88.05363392900
353     42.07403811780  -88.03421823900
354     42.07397003930  -88.01469629840
355     42.05719635430  -88.12709366490
356     42.06149535290  -88.09943328730
357     42.06187248870  -88.07975207880
358     42.06217905440  -88.05997956990
359     42.06236540420  -88.04033124140
360     42.05222789090  -88.09940094970
361     42.05305191020  -88.07966681480
362     42.05375207000  -88.05992574930
363     42.05424911760  -88.04032629540
364     42.03960047500  -88.13674454240
365     42.04043643620  -88.11915242420
366     42.04124680200  -88.09945659990
367     42.04204754640  -88.07978522080
368     42.04280439050  -88.06011170810
369     42.04335532900  -88.04045170550
370     42.02506965360  -88.13673690210
371     42.02587246730  -88.11920409410
372     42.02664567530  -88.09962472230
373     42.02736487930  -88.08000388350
374     42.02818857140  -88.06031912510
375     42.02873984570  -88.04080212200
376     42.01043043300  -88.13681414340
377     42.01119652260  -88.11920151810
378     42.01194959350  -88.09968963150
379     42.01267697160  -88.08013283220
380     42.00650075980  -88.05085224380
381     41.99585619060  -88.13688968670
382     41.99654019550  -88.11926375750
383     41.99733642460  -88.09975509070
384     41.99805833960  -88.08016650880
385     42.14640291070  -87.99475832150
386     42.14634716100  -87.97532910100
387     42.14619044840  -87.95595398780
388     42.14603369540  -87.93644122690
389     42.14589326780  -87.91682955600
390     42.14577955330  -87.89725911170
391     42.13188728800  -87.99484090600
392     42.13179335200  -87.97548102030
393     42.13163336770  -87.95618049450
394     42.13150123180  -87.93672477580
395     42.13141199150  -87.91717046470
396     42.13128240520  -87.89751335220
397     42.11734777050  -87.99490319310
398     42.11726787010  -87.97557975330
399     42.11715221630  -87.95619382050
400     42.11704794030  -87.93678819500
401     42.11691648300  -87.91731944720
402     42.11679455220  -87.89775215810
403     42.10285477990  -87.99502105310
404     42.10274840790  -87.97558674590
405     42.10264683900  -87.95617491100
406     42.10254943900  -87.93679623760
407     42.10243261420  -87.91739628590
408     42.10229986940  -87.89787234800
409     42.08838063350  -87.99507202180
410     42.08826194080  -87.97567385010
411     42.08810091930  -87.95621472160
412     42.08800966980  -87.93678757760
413     42.08794663240  -87.91740914460
414     42.08783561760  -87.89792690630
415     42.07386344210  -87.99521926450
416     42.07370922070  -87.97578836790
417     42.07361739570  -87.95631723040
418     42.07350208410  -87.93684327050
419     42.07341620000  -87.91743432700
420     42.07329744160  -87.89797935460
421     42.05883436490  -88.02502845360
422     42.05895959420  -88.00979085440
423     42.05897065150  -87.98991994740
424     42.05900029130  -87.97012557590
425     42.05908772510  -87.95067354040
426     42.05911634950  -87.93109930780
427     42.03633277330  -88.01527693120
428     42.04401955240  -87.98976493770
429     42.04423721710  -87.96995143190
430     42.04456973400  -87.95046103630
431     42.04473132510  -87.93091235070
432     42.02932169700  -87.98952838860
433     42.02957189720  -87.96978468790
434     42.02992437920  -87.95027376850
435     42.03015660980  -87.93075071470
436     42.00708554880  -88.01509941090
437     42.01471761580  -87.98943478720
438     42.01493818730  -87.96964261380
439     42.01526372080  -87.95001797560
440     42.01553431380  -87.93058867980
441     42.00011085500  -87.98898385820
442     42.00038351970  -87.96934223020
443     42.00063828200  -87.94977019580
444     42.14570893950  -87.87763276540
445     42.14564325820  -87.85806235350
446     42.14556332210  -87.83853931940
447     42.14547061320  -87.81900294820
448     42.14536459780  -87.79943037100
449     42.14522274680  -87.77985880160
450     42.13120588160  -87.87789335940
451     42.13109305340  -87.85834249370
452     42.13103517610  -87.83883375160
453     42.13097249920  -87.81928625740
454     42.13082227780  -87.79966849230
455     42.13068432270  -87.78004854380
456     42.11669448960  -87.87816049760
457     42.11664453150  -87.85863283610
458     42.11655325700  -87.83903218210
459     42.11647278560  -87.81952615020
460     42.11632186900  -87.79992784320
461     42.11611948550  -87.78027254990
462     42.10217724580  -87.87827851530
463     42.10212989940  -87.85879491710
464     42.10207305690  -87.83924851360
465     42.10193654890  -87.81971278350
466     42.10179071650  -87.80012797200
467     42.10154427470  -87.78050421190
468     42.08038184540  -87.86868922510
469     42.08755775550  -87.83940985760
470     42.08744384940  -87.81990401120
471     42.08727694740  -87.80036728570
472     42.08704231950  -87.78084232890
473     42.07303312870  -87.83955298390
474     42.07293012380  -87.82013372720
475     42.07279077640  -87.80065656530
476     42.07257501990  -87.78117327310
477     42.05923620920  -87.91279881300
478     42.05948684670  -87.89435653430
479     42.05971653730  -87.87469128810
480     42.05995475480  -87.85510212970
481     42.06018586400  -87.83540935490
482     42.06033436310  -87.81581267940
483     42.04509038860  -87.91258978250
484     42.04572465430  -87.89430589130
485     42.04623740390  -87.87464281900
486     42.04682721250  -87.85511957500
487     42.04739626200  -87.83557173020
488     42.04777808050  -87.81596306140
489     42.03056847770  -87.91257071490
490     42.03117598430  -87.89435722490
491     42.03170628100  -87.87468980620
492     42.03224273450  -87.85518856060
493     42.03284459390  -87.83575856180
494     42.03329592060  -87.81619943720
495     42.01597815240  -87.91246710050
496     42.01663050110  -87.89436867810
497     42.01718263970  -87.87478853450
498     42.01771585270  -87.85527063240
499     42.01830478770  -87.83582481700
500     42.00270394620  -87.87492459200
501     42.00325412440  -87.85543256290
502     42.00379442880  -87.83592872870
503     42.14430758090  -87.76119601330
504     42.13037489550  -87.76066571690
505     42.12855372470  -87.74525336440
506     42.11586620930  -87.76089048240
507     42.11497026030  -87.73971522160
508     42.10125977590  -87.76112745870
509     42.10104653040  -87.74171501930
510     42.09974093590  -87.72295559240
511     42.08676701170  -87.76135767800
512     42.08652502520  -87.74190484860
513     42.08628285350  -87.72248680400
514     42.08445394660  -87.70210120390
515     42.07227558000  -87.76166497830
516     42.07199629960  -87.74211036920
517     42.07174742410  -87.72248165220
518     42.07160740220  -87.70301888970
519     42.07096928390  -87.68536162800
520     42.06036428660  -87.79578941330
521     42.06026168340  -87.77589709480
522     42.06008867170  -87.75645181000
523     42.05994441100  -87.73707841760
524     42.05989058260  -87.71783159260
525     42.05995778840  -87.69887350020
526     42.04803973680  -87.79603578400
527     42.04809500340  -87.77616586860
528     42.04804856380  -87.75670016180
529     42.04799704770  -87.73730175050
530     42.04809263510  -87.71802753870
531     42.04835119970  -87.69901662510
532     42.03359678860  -87.79629620780
533     42.03368974670  -87.77652699370
534     42.03359635460  -87.75707627760
535     42.03351914870  -87.73766576970
536     42.03358743870  -87.71835482820
537     42.03383605780  -87.69930561570
538     42.01910428080  -87.79655921890
539     42.01920772030  -87.77687855140
540     42.01913001420  -87.75750444650
541     42.01902492160  -87.73808252620
542     42.01905786290  -87.71866092890
543     42.00453258740  -87.73846578710
544     42.00457613880  -87.71897284240
545     42.05976730290  -87.68033628310
546     42.04835366150  -87.68008089730
547     42.03375228920  -87.67853934870
548     41.95836256660  -87.87603053770
549     41.95977621910  -87.81704863600
550     41.94323596000  -87.91243949470
551     41.94352607840  -87.89496591020
552     41.94389772350  -87.87557445480
553     41.92867675010  -87.91217653470
554     41.92899724490  -87.89432466910
555     41.92939171360  -87.87495375490
556     41.92985277400  -87.85541433720
557     41.93026735360  -87.83583736210
558     41.93062863560  -87.81627695730
559     41.91416205810  -87.91192907780
560     41.91450950800  -87.89380339970
561     41.91487280870  -87.87437916240
562     41.91529033130  -87.85495002540
563     41.91566682100  -87.83536546840
564     41.91603994600  -87.81576225520
565     41.89982603240  -87.91185910560
566     41.89992047790  -87.89343249920
567     41.90019706040  -87.87399100720
568     41.90061574850  -87.85451189750
569     41.90101769560  -87.83488226340
570     41.90135685380  -87.81527428920
571     41.88477066350  -87.91189978990
572     41.88508310220  -87.89338379290
573     41.88544251990  -87.87357118170
574     41.88593335210  -87.85399044460
575     41.88635936020  -87.83434693270
576     41.88670997400  -87.81475217100
577     41.86966791170  -87.91136850250
578     41.87026925470  -87.89259896620
579     41.87082144630  -87.87302042550
580     41.87134513680  -87.85336552220
581     41.87176732010  -87.83379791600
582     41.87212654600  -87.81420396070
583     41.85519674280  -87.91079627000
584     41.85569723910  -87.89195983110
585     41.85625058690  -87.87233783380
586     41.85674853710  -87.85274602790
587     41.85716562020  -87.83319815970
588     41.85753312940  -87.81370446510
589     41.84062913540  -87.91013114120
590     41.84113614750  -87.89130638720
591     41.84164411170  -87.87171353840
592     41.84215063870  -87.85212745830
593     41.84257675020  -87.83260098010
594     41.84292204000  -87.81314223480
595     41.82604194630  -87.90953576920
596     41.82647773340  -87.89067062680
597     41.82707127700  -87.87111227710
598     41.82756933150  -87.85150752970
599     41.82800651660  -87.83200960270
600     41.82836258120  -87.81255690590
601     41.90169752370  -87.79523975970
602     41.88706840790  -87.79480204070
603     41.87246136600  -87.79433243930
604     41.85785562440  -87.79386454370
605     41.85816457910  -87.77392991820
606     41.85841873890  -87.75431059580
607     41.84324813050  -87.79338500890
608     41.84353582160  -87.77354953640
609     41.84381106290  -87.75386730340
610     41.82864644750  -87.79289167950
611     41.82893693340  -87.77313228120
612     41.82923475170  -87.75348987140
613     41.81146136510  -87.90835621150
614     41.81191839920  -87.88909824430
615     41.81242711680  -87.86957811340
616     41.81288159500  -87.84994282510
617     41.81328721450  -87.83044112290
618     41.81365229140  -87.81154806090
619     41.79688638840  -87.90770390520
620     41.79733577780  -87.88845763350
621     41.79776425170  -87.86896910980
622     41.79819337020  -87.84938973220
623     41.79864965930  -87.83021047870
624     41.79891276790  -87.81129645050
625     41.78231692630  -87.90713540340
626     41.78274206540  -87.88783386690
627     41.78317799080  -87.86837019250
628     41.78365587620  -87.84908216610
629     41.78395552720  -87.83018934910
630     41.78442883030  -87.81103753390
631     41.76775080040  -87.90657875670
632     41.76812227280  -87.88721453310
633     41.76852731170  -87.86780107050
634     41.76902196960  -87.84877375410
635     41.76944823260  -87.82977834200
636     41.76984438880  -87.81039906200
637     41.75321919970  -87.90601089340
638     41.75361023460  -87.88674694360
639     41.75402725370  -87.86744696410
640     41.75441247280  -87.84833325210
641     41.75486491710  -87.82912233650
642     41.75522762310  -87.80972836940
643     41.73866670750  -87.90546122230
644     41.73910693490  -87.88631148150
645     41.73942390310  -87.86719255520
646     41.73992174590  -87.84792179230
647     41.74023838020  -87.82853662240
648     41.74062162740  -87.80908132960
649     41.81401317820  -87.79242314540
650     41.81439200900  -87.77273636660
651     41.81472761560  -87.75312719490
652     41.77024917810  -87.79085363860
653     41.77062822920  -87.77123204000
654     41.77099272610  -87.75176417320
655     41.75563117420  -87.79026549240
656     41.75602950360  -87.77073867690
657     41.75636714360  -87.75131593600
658     41.74101579530  -87.78967949930
659     41.74136827850  -87.77025317410
660     41.74173384960  -87.75089991760
661     41.67827671400  -88.00992906510
662     41.68020929350  -87.97010320080
663     41.68942989580  -87.93089146220
664     41.65646107930  -88.00913889640
665     41.65723850200  -87.97064984510
666     41.65808680130  -87.93186847520
667     41.71698656240  -87.89510063900
668     41.71781374600  -87.85659138650
669     41.72568806600  -87.82785340110
670     41.72613362030  -87.80851083210
671     41.71111440130  -87.82726365460
672     41.71157340560  -87.80790547610
673     41.68787261600  -87.89418612980
674     41.68868698060  -87.85546873960
675     41.68947227350  -87.81678849600
676     41.65881560190  -87.89312588570
677     41.65958778910  -87.85444285530
678     41.66031964400  -87.81567164250
679     41.72657574880  -87.78952295810
680     41.72688826920  -87.77035151730
681     41.72718948470  -87.75076338980
682     41.72751385670  -87.73121436510
683     41.72781611840  -87.71172739010
684     41.72811295750  -87.69215526890
685     41.71207423560  -87.78900644180
686     41.71243138670  -87.76986254370
687     41.71268148620  -87.75030065540
688     41.71299288750  -87.73085834190
689     41.69744893670  -87.78840713210
690     41.69780395380  -87.76928471790
691     41.69807789680  -87.74976967500
692     41.69840267530  -87.73035979800
693     41.68288925230  -87.78784939150
694     41.68321852570  -87.76872200540
695     41.68348567240  -87.74923389180
696     41.66823715090  -87.78721797070
697     41.66858122450  -87.76816774650
698     41.66888381390  -87.74865133250
699     41.66921382970  -87.72921211780
700     41.66950514780  -87.70980170050
701     41.66980055670  -87.69029207280
702     41.65359828490  -87.78664498350
703     41.65392236800  -87.76758660130
704     41.65424228940  -87.74808229630
705     41.65457068700  -87.72862203800
706     41.65491278390  -87.70921071400
707     41.65529680850  -87.68975182290
708     41.67007166410  -87.67082757750
709     41.65554240490  -87.67033627240
710     41.65441139900  -87.64879254210
711     41.62973993370  -87.89233090670
712     41.63756861470  -87.86364351640
713     41.63789982310  -87.84421778960
714     41.62301970800  -87.86324016400
715     41.62335914450  -87.84382653990
716     41.63119742340  -87.81472751180
717     41.60066766990  -87.89139043750
718     41.60130967370  -87.85269121870
719     41.60198400350  -87.81363274880
720     41.57157499520  -87.89050392740
721     41.57222295930  -87.85173861880
722     41.57283512010  -87.81269804870
723     41.63902737470  -87.78611262260
724     41.63932466290  -87.76704390650
725     41.63965068100  -87.74756930990
726     41.63996819940  -87.72806354580
727     41.64034783820  -87.70860558520
728     41.64071579670  -87.68917530540
729     41.62442756390  -87.78554365770
730     41.62470454760  -87.76650918470
731     41.62502261210  -87.74704099620
732     41.62536049080  -87.72752760070
733     41.62573989140  -87.70803590350
734     41.62499644010  -87.68697827360
735     41.60977563810  -87.78503709780
736     41.61005510160  -87.76602427110
737     41.61039314350  -87.74654783690
738     41.61073858960  -87.72697912110
739     41.61012843900  -87.70600488220
740     41.60949858680  -87.68622988140
741     41.59511584810  -87.78452810190
742     41.59543872770  -87.76553878370
743     41.59577679560  -87.74603602880
744     41.59529962680  -87.72512237580
745     41.59470580250  -87.70530152730
746     41.59356148890  -87.68486157610
747     41.58053083650  -87.78407321750
748     41.58081924410  -87.76504988650
749     41.58047557160  -87.74431975480
750     41.57997171140  -87.72446612820
751     41.57895349110  -87.70409391590
752     41.57900813810  -87.68473689350
753     41.56599609250  -87.78365310370
754     41.56537602800  -87.76348124020
755     41.56528631440  -87.74370426930
756     41.56436291790  -87.72346027290
757     41.56443438340  -87.70399537720
758     41.56445656680  -87.68459791900
759     41.63973397000  -87.66787604350
760     41.63887608140  -87.64792209390
761     41.63721430990  -87.62688467910
762     41.63724861650  -87.60754192450
763     41.63727447730  -87.58816357350
764     41.63731425560  -87.56887919180
765     41.62418077110  -87.66710069300
766     41.62263349350  -87.64619989690
767     41.62266423980  -87.62673160900
768     41.62267908830  -87.60741108530
769     41.62270294280  -87.58808654260
770     41.62275701480  -87.56869411310
771     41.60814610870  -87.66562261110
772     41.60817791380  -87.64617140150
773     41.60821063930  -87.62667698800
774     41.60819769530  -87.60729910980
775     41.60824500680  -87.58788439130
776     41.60831742500  -87.56851264510
777     41.59360387190  -87.66556005650
778     41.59364161720  -87.64620109080
779     41.59371163710  -87.62672117020
780     41.59373576950  -87.60725726200
781     41.59376214110  -87.58786292300
782     41.59381880280  -87.56847450420
783     41.57904457380  -87.66547969930
784     41.57913243330  -87.64615831900
785     41.57920226760  -87.62664001130
786     41.57923589860  -87.60718192000
787     41.57926485210  -87.58783721230
788     41.57932833690  -87.56843405960
789     41.56454625030  -87.66536763570
790     41.56460925020  -87.64601692470
791     41.56472272400  -87.62646960100
792     41.56475282450  -87.60697921680
793     41.56481660760  -87.58768481550
794     41.56483285640  -87.56833922960
795     41.63736047600  -87.54947000770
796     41.63740173370  -87.53239224250
797     41.62281312440  -87.54929816810
798     41.62286312670  -87.53230331470
799     41.60833993760  -87.54912181970
800     41.60836751830  -87.53217341980
801     41.59387083900  -87.54906619150
802     41.59386682840  -87.53222144550
803     41.57935455270  -87.54899063870
804     41.57940195700  -87.53222614500
805     41.56486367310  -87.54892115920
806     41.56490063890  -87.53219391990
807     41.54324372240  -87.77210847760
808     41.54250796670  -87.73266988890
809     41.54986377330  -87.70381944830
810     41.54990803560  -87.68443197530
811     41.53526026020  -87.70360269490
812     41.53530833300  -87.68425647690
813     41.51349756780  -87.77098792870
814     41.52070185450  -87.74207342090
815     41.52068979490  -87.72282748800
816     41.50619268610  -87.74196269190
817     41.50609708780  -87.72271456450
818     41.52067294850  -87.70346569560
819     41.52071731000  -87.68409003310
820     41.50610166910  -87.70332782780
821     41.50614590490  -87.68396654240
822     41.49168749540  -87.78056641980
823     41.49166658580  -87.76122120770
824     41.47710162620  -87.78062684740
825     41.47703815810  -87.76122701030
826     41.49160441440  -87.74193646120
827     41.49153905590  -87.72259720000
828     41.47699146290  -87.74183399340
829     41.47693999030  -87.72247993010
830     41.49157140220  -87.70323762070
831     41.49160958660  -87.68387889000
832     41.47696517600  -87.70313304700
833     41.47698776020  -87.68381746340
834     41.54988225530  -87.66502420810
835     41.54991936690  -87.64568732690
836     41.53519644910  -87.66491162650
837     41.53516208110  -87.64554831130
838     41.54277427800  -87.61657979640
839     41.54289179820  -87.57783566760
840     41.52057745290  -87.66475869520
841     41.52064265970  -87.64539211420
842     41.50605036190  -87.66462013010
843     41.50612075080  -87.64512603670
844     41.52074211000  -87.62597585780
845     41.52083013030  -87.60660944000
846     41.50613817920  -87.62581185420
847     41.50621257800  -87.60651018450
848     41.51364248560  -87.57756428160
849     41.48425832520  -87.65475392730
850     41.48428840220  -87.61606598250
851     41.48454350820  -87.57738468040
852     41.54306324380  -87.54184284450
853     41.51381436810  -87.54180787610
854     41.48475374810  -87.54179011960
855     42.47633244120  -88.67734578470
856     42.47673941410  -88.61867560350
857     42.43673194960  -88.67698173410
858     42.43663805930  -88.61854032820
859     42.39312949410  -88.67629815660
860     42.39300441480  -88.61806168540
861     42.34957703950  -88.67625734430
862     42.34941285120  -88.61800445750
863     42.30596782790  -88.67629106660
864     42.30590723480  -88.61816613640
865     42.26247623920  -88.67630798310
866     42.26241002860  -88.61821297390
867     42.21885741070  -88.67633131240
868     42.21887290810  -88.61814650990
869     42.17522316320  -88.67627558820
870     42.17530337470  -88.61785515890
871     42.47651051830  -88.55988662060
872     42.47629976380  -88.50114640490
873     42.43636461640  -88.55994223960
874     42.43615130100  -88.50129725630
875     42.39295160000  -88.55984304840
876     42.39265322410  -88.50140523670
877     42.34941750710  -88.55975277580
878     42.34911756440  -88.50151373230
879     42.30580582820  -88.55969394950
880     42.30566965720  -88.50144548210
881     42.26237143310  -88.55982365770
882     42.26223147960  -88.50127969540
883     42.21881835900  -88.55981752620
884     42.21883004290  -88.50143282950
885     42.17531177580  -88.55968933550
886     42.17533300840  -88.50131448480
887     42.47615786630  -88.44245744930
888     42.47612607980  -88.38416581290
889     42.43601954590  -88.44277089170
890     42.43605627680  -88.38433553240
891     42.39252336970  -88.44302894380
892     42.39269533400  -88.38468511830
893     42.34907943700  -88.44308611940
894     42.34930851090  -88.38455151630
895     42.31285234780  -88.45277097020
896     42.31296124240  -88.41376988770
897     42.31312449990  -88.37474021050
898     42.28386507000  -88.45264731180
899     42.28393522440  -88.41363362590
900     42.28412108090  -88.37466805760
901     42.25499212800  -88.45254001870
902     42.25505973860  -88.41352533510
903     42.25517404050  -88.37444015210
904     42.22632319870  -88.37408020180
905     42.22616725220  -88.41293407170
906     42.22610052780  -88.45212893170
907     42.19734843040  -88.37400038900
908     42.19716266930  -88.45220288930
909     42.19725618830  -88.41277388660
910     42.16826910720  -88.45219694520
911     42.16832354680  -88.41285857270
912     42.16843503730  -88.37394284640
913     42.47627108430  -88.32586807790
914     42.47667779480  -88.26728815730
915     42.48423236980  -88.21857243500
916     42.43625520200  -88.32567595900
917     42.43681695320  -88.26699507030
918     42.45902631330  -88.21839522610
919     42.43003861840  -88.21823310650
920     42.40011011570  -88.33556072840
921     42.40030643900  -88.29628577120
922     42.40071307260  -88.25725950720
923     42.40106748630  -88.21830537680
924     42.37118644380  -88.33564366610
925     42.37145977950  -88.29648859280
926     42.37184183730  -88.25740030730
927     42.37209613490  -88.21831298280
928     42.34226931920  -88.33571960760
929     42.34257738110  -88.29662085840
930     42.34298812060  -88.25762749720
931     42.34317845720  -88.21833835920
932     42.31327642860  -88.33574200600
933     42.31366970010  -88.29673775610
934     42.31399712280  -88.25792037440
935     42.31421030160  -88.21871411960
936     42.28433442290  -88.33561214260
937     42.28475072390  -88.29656945330
938     42.28502202980  -88.25776447920
939     42.28504082370  -88.21849882330
940     42.25550916910  -88.33540982300
941     42.25577555760  -88.29645240960
942     42.25606752900  -88.25750974850
943     42.25608750220  -88.21830600270
944     42.23350156460  -88.34504123920
945     42.23362513470  -88.32574977270
946     42.21892137940  -88.34502086010
947     42.21897731960  -88.32554784090
948     42.22659086150  -88.29628708070
949     42.22683681600  -88.25747008560
950     42.22701804810  -88.21860002180
951     42.19730471140  -88.33512379910
952     42.19738231380  -88.29619600550
953     42.19762981070  -88.25744938150
954     42.19783789180  -88.21882081590
955     42.16844570110  -88.33521207060
956     42.16844313020  -88.29647811900
957     42.16860725050  -88.25767804160
958     42.16873531490  -88.21902035640
959     42.48456827640  -88.17947271220
960     42.48479102710  -88.14036511800
961     42.45924340860  -88.17916215040
962     42.45913340790  -88.14032675450
963     42.43007415380  -88.17905310630
964     42.42988171000  -88.13996841680
965     42.40106321200  -88.17926152660
966     42.40105160990  -88.13991187850
967     42.37223444510  -88.17907076240
968     42.37216046090  -88.13991802440
969     42.34327776750  -88.17899292300
970     42.34312254200  -88.13998347740
971     42.31406011590  -88.17930414180
972     42.31384785340  -88.14024734190
973     42.28492916980  -88.17914006110
974     42.28469309060  -88.14013246160
975     42.25589924020  -88.17902438570
976     42.25576279310  -88.13986364380
977     42.22701606010  -88.17924656480
978     42.22674894880  -88.13986229770
979     42.19797924420  -88.17972290670
980     42.19771457700  -88.14039341940
981     42.16882093340  -88.18009161080
982     42.16869326010  -88.14094198370
983     42.48468651110  -88.10161717660
984     42.48451745960  -88.06226052790
985     42.48416924660  -88.02289352030
986     42.45909749270  -88.10162515820
987     42.45901229750  -88.06245213720
988     42.45890927510  -88.02307526720
989     42.42997158530  -88.10141150310
990     42.42998744910  -88.06259887520
991     42.42984205760  -88.02332901580
992     42.40088337840  -88.10128755480
993     42.40079123130  -88.06280994820
994     42.40064411800  -88.02369949170
995     42.37184999970  -88.10145241060
996     42.37157389860  -88.06314437110
997     42.37147063940  -88.02401876160
998     42.34268304120  -88.10158695670
999     42.34246460170  -88.06322235930
1000    42.34240576590  -88.02418053340
1001    42.31346237020  -88.10162917380
1002    42.31340186080  -88.06298838700
1003    42.31334744080  -88.02391475350
1004    42.28437928780  -88.10144297520
1005    42.28436151520  -88.06267877870
1006    42.28429510430  -88.02358141130
1007    42.25546441360  -88.10121080830
1008    42.25541643530  -88.06261542390
1009    42.25527687050  -88.02360694760
1010    42.22656150470  -88.10138573550
1011    42.22637874640  -88.06284664340
1012    42.22626884340  -88.02381978630
1013    42.19750897100  -88.10155596570
1014    42.19733743250  -88.06284311510
1015    42.19724671240  -88.02388866050
1016    42.16853245340  -88.10182359700
1017    42.16834122500  -88.06283760980
1018    42.16820457400  -88.02393400140
1019    42.47626461780  -87.97297700220
1020    42.47545785950  -87.91310319170
1021    42.43660521780  -87.97337436420
1022    42.43598648180  -87.91359966200
1023    42.40036504010  -87.98354511750
1024    42.40003118850  -87.94349771290
1025    42.39969709250  -87.90426835680
1026    42.37129088350  -87.98389301910
1027    42.37838112540  -87.95355113310
1028    42.37833712030  -87.93392342230
1029    42.37079180820  -87.90458431310
1030    42.36388418460  -87.95370014520
1031    42.36382478800  -87.93403977620
1032    42.34223874870  -87.98411188380
1033    42.34203554650  -87.94395154700
1034    42.34176727930  -87.90474521910
1035    42.31327185950  -87.98405546280
1036    42.31299444930  -87.94411120820
1037    42.31270195730  -87.90498805580
1038    42.28420722300  -87.98408036940
1039    42.29126590320  -87.95422381180
1040    42.29110096740  -87.93464224710
1041    42.28364443060  -87.90523661920
1042    42.27672078800  -87.95443124030
1043    42.27652111060  -87.93476892870
1044    42.25507588370  -87.98405942960
1045    42.25490436770  -87.94460061660
1046    42.25464087800  -87.90549683570
1047    42.22619539730  -87.98455492910
1048    42.22603270020  -87.94509572820
1049    42.22568562970  -87.90594609780
1050    42.19720731830  -87.98473832300
1051    42.19715535840  -87.94545686180
1052    42.19669068080  -87.90628526370
1053    42.16818505900  -87.98492096770
1054    42.16802743930  -87.94572560140
1055    42.16767152640  -87.90667327700
1056    42.48216704610  -87.86409687110
1057    42.48182156590  -87.82536968290
1058    42.48094544340  -87.80213625520
1059    42.45730760730  -87.86440792520
1060    42.45707238620  -87.82543807990
1061    42.45784772020  -87.80232618170
1062    42.42834226560  -87.86474483820
1063    42.42819248390  -87.82388487130
1064    42.40662639990  -87.87474776570
1065    42.40650471930  -87.85512375310
1066    42.40640309940  -87.83543590480
1067    42.40621926670  -87.81404715810
1068    42.39207661850  -87.87494532570
1069    42.39193103330  -87.85525034100
1070    42.39189191810  -87.83555779730
1071    42.39177071280  -87.81426838890
1072    42.37762493540  -87.87511652660
1073    42.37748996090  -87.85541235170
1074    42.37743346060  -87.83573083630
1075    42.37768920210  -87.81691656910
1076    42.36316943460  -87.87522972480
1077    42.36303409230  -87.85561201450
1078    42.36262941300  -87.82822295930
1079    42.34866138880  -87.87530682170
1080    42.34854801940  -87.85575795120
1081    42.34846640290  -87.83622484410
1082    42.33418819420  -87.87543054870
1083    42.33409884780  -87.85587077830
1084    42.33423287340  -87.83679807160
1085    42.31962352340  -87.87558666180
1086    42.31948740880  -87.85610831580
1087    42.31929764050  -87.83773599990
1088    42.30507416510  -87.87572400470
1089    42.30491444380  -87.85627689220
1090    42.30503987040  -87.83825767540
1091    42.29061212810  -87.87589944220
1092    42.29043118430  -87.85644192010
1093    42.29021661530  -87.83859025390
1094    42.27612868170  -87.87602491410
1095    42.27595634170  -87.85655799620
1096    42.27569102360  -87.83735859110
1097    42.26166980470  -87.87614592700
1098    42.26149212830  -87.85676739410
1099    42.26090202130  -87.83463421910
1100    42.24719656370  -87.87637282340
1101    42.24707936380  -87.85698260020
1102    42.24692398540  -87.83758333600
1103    42.24622709730  -87.82151971490
1104    42.23274598860  -87.87649881170
1105    42.23266000090  -87.85689659850
1106    42.23254404960  -87.83741985430
1107    42.23213819500  -87.81903174590
1108    42.21828008850  -87.87657361860
1109    42.21816025830  -87.85682072450
1110    42.21802460800  -87.83740660240
1111    42.21753719580  -87.81566882230
1112    42.20378687050  -87.87666182030
1113    42.20362886260  -87.85681079830
1114    42.20349583630  -87.83736272160
1115    42.20345646050  -87.81803074660
1116    42.20234520430  -87.80117637570
1117    42.18925898890  -87.87678104480
1118    42.18913482190  -87.85693895630
1119    42.18896099150  -87.83740068110
1120    42.18892631670  -87.81804182870
1121    42.18833345340  -87.79643905890
1122    42.17472184310  -87.87702258850
1123    42.17463788750  -87.85725842990
1124    42.17453713760  -87.83770585050
1125    42.17441305970  -87.81825130280
1126    42.17433556790  -87.79885776150
1127    42.17325281710  -87.78084417170
1128    42.16022536260  -87.87728766150
1129    42.16017871800  -87.85761160270
1130    42.16005739710  -87.83814371190
1131    42.15999320590  -87.81862855390
1132    42.15986771120  -87.79914687940
1133    42.15926013280  -87.77553082320
1134    42.13187499690  -88.55924744860
1135    42.13186106880  -88.50112915480
1136    42.08827170740  -88.55916974950
1137    42.08837756970  -88.50097487950
1138    42.04589857940  -88.57505352000
1139    42.04625173900  -88.51892879530
1140    42.00342332310  -88.57461842590
1141    42.00406733760  -88.51844563820
1142    41.95984841780  -88.57426909990
1143    41.96051406030  -88.51788289730
1144    41.91614215740  -88.57402183520
1145    41.91699065290  -88.51753138440
1146    41.87250487600  -88.57431919400
1147    41.87333329930  -88.51773146450
1148    41.82887257060  -88.57485340830
1149    41.82977889680  -88.51832741380
1150    41.78543943810  -88.57477239240
1151    41.78626270470  -88.51828296630
1152    41.74183694760  -88.57457017130
1153    41.74264153900  -88.51809407180
1154    42.13206890330  -88.44275601350
1155    42.13224544500  -88.38401537060
1156    42.08862641550  -88.44263679500
1157    42.08884076570  -88.38411684130
1158    42.04678818520  -88.46243565520
1159    42.04732453410  -88.40592337570
1160    42.00483310470  -88.46192450320
1161    42.00590324980  -88.40547559290
1162    41.96126932330  -88.46127262220
1163    41.96214652270  -88.40481710440
1164    41.91767031730  -88.46105555280
1165    41.91849138480  -88.40454742690
1166    41.87418762550  -88.46115063170
1167    41.87498171340  -88.40468933050
1168    41.83062096360  -88.46165479220
1169    41.83132575170  -88.40506952980
1170    41.78696424420  -88.46189211080
1171    41.78767418740  -88.40512493710
1172    41.75413649650  -88.47615675110
1173    41.75448214330  -88.44865347610
1174    41.73232014090  -88.47595225860
1175    41.73272097110  -88.44839952710
1176    41.75477807780  -88.41931274330
1177    41.75517935300  -88.39010091480
1178    41.73307733790  -88.41917941600
1179    41.73338922530  -88.38997388970
1180    42.13949602480  -88.33529327130
1181    42.13943039710  -88.29669075840
1182    42.13957255100  -88.25769911720
1183    42.11055118530  -88.33515345690
1184    42.11757412780  -88.30602572000
1185    42.11774313740  -88.28667846530
1186    42.10311183430  -88.30609178430
1187    42.10326522060  -88.28676660480
1188    42.11058228960  -88.25767783070
1189    42.08155635530  -88.33541157810
1190    42.08141303400  -88.29654067740
1191    42.08153506640  -88.25778929630
1192    42.05512162250  -88.35888788730
1193    42.06262334790  -88.33145797540
1194    42.06274895540  -88.31196449260
1195    42.05083502570  -88.33138533470
1196    42.05120131940  -88.31188726690
1197    42.06285328270  -88.29255584770
1198    42.06298908150  -88.27328684600
1199    42.05152593300  -88.29246397510
1200    42.05171723340  -88.27313565690
1201    42.02854674120  -88.35868486190
1202    42.03621093370  -88.33136971930
1203    42.03659099260  -88.31194436410
1204    42.02163497100  -88.33136518900
1205    42.02200042130  -88.31191714410
1206    42.03693659870  -88.29249954740
1207    42.03716123490  -88.27300345110
1208    42.02240189560  -88.29245847630
1209    42.02262795620  -88.27300410660
1210    41.99943905570  -88.35848639110
1211    42.00713159080  -88.33122404960
1212    42.00747534030  -88.31170345060
1213    41.99260908280  -88.33110072440
1214    41.99288094320  -88.31166138940
1215    42.00777352940  -88.29228227040
1216    42.00808021760  -88.27284066220
1217    41.99319145630  -88.29212755450
1218    41.99350737020  -88.27264298160
1219    41.97030125510  -88.35813907760
1220    41.97088070540  -88.32107191570
1221    41.97150961850  -88.28223331680
1222    41.94110663430  -88.35791230700
1223    41.94175112980  -88.32084282980
1224    41.94238063390  -88.28214318520
1225    41.91199002620  -88.35766195840
1226    41.91971932360  -88.33033095650
1227    41.92002249260  -88.31097021970
1228    41.90523966780  -88.33031352220
1229    41.90555744940  -88.31086150000
1230    41.91332271690  -88.28188998590
1231    41.88283705210  -88.35785455340
1232    41.89066729830  -88.33059025840
1233    41.89101790780  -88.31113932230
1234    41.87606807620  -88.33065700070
1235    41.87642202460  -88.31123152300
1236    41.88422305870  -88.28195134510
1237    41.85376173980  -88.35817436570
1238    41.85446785820  -88.32097846540
1239    41.85521052480  -88.28209307280
1240    41.82475797580  -88.35826906990
1241    41.82541895530  -88.32106260360
1242    41.82622814720  -88.28224230370
1243    41.80276721360  -88.36773486500
1244    41.80306322010  -88.34985696000
1245    41.80337985250  -88.33046598480
1246    41.78822300320  -88.36760041250
1247    41.78843024170  -88.34971757380
1248    41.78871189920  -88.33030481320
1249    41.77369069360  -88.36753414580
1250    41.77387279950  -88.34964911090
1251    41.77415233110  -88.33023678510
1252    41.80371933430  -88.31110342940
1253    41.80413617830  -88.29176066600
1254    41.80451792560  -88.27243012310
1255    41.78907938690  -88.31091861020
1256    41.78947618410  -88.29159270090
1257    41.78988704120  -88.27224771500
1258    41.77448912850  -88.31079293830
1259    41.77492425790  -88.29138600430
1260    41.77540403720  -88.27202963380
1261    41.75909981060  -88.36739149730
1262    41.75936055840  -88.34952546260
1263    41.75964775650  -88.33011272670
1264    41.74459501120  -88.36728005620
1265    41.74489314390  -88.34939966420
1266    41.74526934860  -88.32999884910
1267    41.73012318470  -88.36731815280
1268    41.73042000770  -88.34947499650
1269    41.73081746940  -88.32995494850
1270    41.76003227700  -88.31063066020
1271    41.76043402650  -88.29120242330
1272    41.76087055280  -88.27181905280
1273    41.74562206990  -88.31050924660
1274    41.74601584800  -88.29113659990
1275    41.74635759380  -88.27169052400
1276    41.73115520550  -88.31041792690
1277    41.73152727230  -88.29100793560
1278    41.73185662450  -88.27169454530
1279    41.97236449470  -88.24286855640
1280    41.97298181270  -88.20329667030
1281    41.97347449410  -88.16434539800
1282    41.94332451960  -88.24288401770
1283    41.94389102480  -88.20368308130
1284    41.94440928310  -88.16480379290
1285    41.91411370220  -88.24299892370
1286    41.91457654400  -88.20398140490
1287    41.91516088420  -88.16505193660
1288    41.88493190000  -88.24318005260
1289    41.88550323670  -88.20428461080
1290    41.88606720650  -88.16528769600
1291    41.85584950340  -88.24333912770
1292    41.85652870570  -88.20466312840
1293    41.85698695330  -88.16578273450
1294    41.82683137020  -88.24344687200
1295    41.82740765460  -88.20476921150
1296    41.82775712590  -88.16596213930
1297    41.80499889790  -88.25339450260
1298    41.80526008650  -88.23431717290
1299    41.79039063580  -88.25346523080
1300    41.79069731210  -88.23472143000
1301    41.80546948140  -88.21491079060
1302    41.80561274170  -88.19555460270
1303    41.79087781990  -88.21534198500
1304    41.79104295220  -88.19583833010
1305    41.80573030660  -88.17615682020
1306    41.80584541710  -88.15659665670
1307    41.79115256660  -88.17638842780
1308    41.79129723520  -88.15691877600
1309    41.77582755710  -88.25342514980
1310    41.77608223660  -88.23489353470
1311    41.76126571420  -88.25334793260
1312    41.76149173800  -88.23491098650
1313    41.77629387230  -88.21555402880
1314    41.77645119280  -88.19606181090
1315    41.76172036300  -88.21560278740
1316    41.76190886970  -88.19617975320
1317    41.77659426430  -88.17663410280
1318    41.77680091220  -88.15724952910
1319    41.76207964000  -88.17675137300
1320    41.76234457600  -88.15735634880
1321    41.74668055710  -88.25328226200
1322    41.74689426280  -88.23500122480
1323    41.73206001090  -88.25339699950
1324    41.73225288370  -88.23515536030
1325    41.73990920270  -88.20600144260
1326    41.74039019650  -88.16725080800
1327    41.98146282840  -88.13741671660
1328    41.98214910320  -88.12006620390
1329    41.96707423250  -88.13757514100
1330    41.96778929930  -88.12025879720
1331    41.97584026340  -88.09068024580
1332    41.97724960260  -88.05131457170
1333    41.94545492800  -88.12800264600
1334    41.95362291090  -88.10083875010
1335    41.95418868320  -88.08120165310
1336    41.93891170860  -88.10092628060
1337    41.93944140750  -88.08125958640
1338    41.95485901680  -88.06154095790
1339    41.95563518130  -88.04168721970
1340    41.94011493640  -88.06168047570
1341    41.94080763920  -88.04183240780
1342    41.91608517050  -88.12812291560
1343    41.92424993140  -88.10094017280
1344    41.92479171400  -88.08135212250
1345    41.90957117220  -88.10092798140
1346    41.91014792380  -88.08141374240
1347    41.91841428150  -88.05187199500
1348    41.89410887760  -88.13856723600
1349    41.89475625020  -88.12147601430
1350    41.87980859280  -88.13857754490
1351    41.88050242600  -88.12146381180
1352    41.89517600810  -88.10181586180
1353    41.89566972260  -88.08211037330
1354    41.88087540820  -88.10183308330
1355    41.88122554680  -88.08224811210
1356    41.89608627950  -88.06260481820
1357    41.89654225590  -88.04273278270
1358    41.88138509840  -88.06276921470
1359    41.88169056420  -88.04280045270
1360    41.86519891990  -88.13866524590
1361    41.86584853920  -88.12130778690
1362    41.85061609870  -88.13865360960
1363    41.85124722840  -88.12117485250
1364    41.86619890440  -88.10173586780
1365    41.86650870120  -88.08229176490
1366    41.85155953010  -88.10165505860
1367    41.85181171620  -88.08232532260
1368    41.86672806040  -88.06268820350
1369    41.86693373210  -88.04287892150
1370    41.85208554290  -88.06269027500
1371    41.85230056390  -88.04298988350
1372    41.82897990080  -88.12895179080
1373    41.82966921630  -88.09196653700
1374    41.83030544590  -88.05316951070
1375    41.80631484640  -88.13851545610
1376    41.80701456380  -88.12076936050
1377    41.79156559050  -88.13855482750
1378    41.79222379580  -88.12027033540
1379    41.80734261490  -88.10135737530
1380    41.80770633950  -88.08184381710
1381    41.79258309570  -88.10075635130
1382    41.79302858410  -88.08120931850
1383    41.80110955490  -88.05255260720
1384    41.77006123540  -88.12856155960
1385    41.77101430600  -88.09017506250
1386    41.77198025120  -88.05125014680
1387    41.74101008490  -88.12811737430
1388    41.74205030210  -88.08889622370
1389    41.74293725290  -88.05017753110
1390    41.98533053780  -88.02475797920
1391    41.98555712510  -88.00807138200
1392    41.98572733360  -87.98846117890
1393    41.98598127270  -87.96898104970
1394    41.98628221340  -87.94953855300
1395    41.97078424380  -88.02473033800
1396    41.97100959910  -88.00813789340
1397    41.97124461940  -87.98855623000
1398    41.97160120590  -87.96901936360
1399    41.97190476100  -87.94945594690
1400    41.95598066630  -88.02488310440
1401    41.95619215680  -88.00822403800
1402    41.95652702060  -87.98860661440
1403    41.95693770370  -87.96908038000
1404    41.95726782930  -87.94945142190
1405    41.99023410670  -87.93011527350
1406    41.97575090260  -87.93010435230
1407    41.95751382310  -87.93000595090
1408    41.94115284590  -88.02499651920
1409    41.94152574410  -88.00824981000
1410    41.94191362110  -87.98865947970
1411    41.94232081490  -87.96911686350
1412    41.94263501490  -87.94949633530
1413    41.94294434190  -87.92996550380
1414    41.92645981840  -88.02504325950
1415    41.92688682210  -88.00825235060
1416    41.92729879060  -87.98870631620
1417    41.92768197710  -87.96920761070
1418    41.92806798170  -87.94956768290
1419    41.92841685630  -87.92997182790
1420    41.91177655830  -88.02496230060
1421    41.91224797130  -88.00792060330
1422    41.91263165140  -87.98848381260
1423    41.91302423910  -87.96897785910
1424    41.91344996910  -87.94950634750
1425    41.91384523490  -87.93010641360
1426    41.89697858740  -88.02518069440
1427    41.89731286140  -88.00813076040
1428    41.89758884890  -87.98851235650
1429    41.89782559520  -87.96901215440
1430    41.89828054480  -87.94960550300
1431    41.89877114870  -87.93022379120
1432    41.88192079510  -88.02543087000
1433    41.88235296130  -88.00833103850
1434    41.88245235980  -87.98872416760
1435    41.88268670450  -87.96913963320
1436    41.88324025640  -87.94966238020
1437    41.88380320670  -87.93028205910
1438    41.86712078780  -88.02531650990
1439    41.86763896920  -88.00790881980
1440    41.86780168640  -87.98824999070
1441    41.86804948140  -87.96855207030
1442    41.86862507770  -87.94899611180
1443    41.86926437630  -87.92979580570
1444    41.85254320230  -88.02505770040
1445    41.85304852670  -88.00711165770
1446    41.85331248810  -87.98753161910
1447    41.85362620040  -87.96787214920
1448    41.85416470350  -87.94851953580
1449    41.85459717270  -87.92931959740
1450    41.83799904530  -88.02481569470
1451    41.83844185640  -88.00630723820
1452    41.83877040160  -87.98679262550
1453    41.83913873170  -87.96749001060
1454    41.83964167560  -87.94829679240
1455    41.84016881120  -87.92897577410
1456    41.82335338360  -88.02455667880
1457    41.82384511800  -88.00564128750
1458    41.82422913660  -87.98623488360
1459    41.82467789870  -87.96697324510
1460    41.82514721910  -87.94772545550
1461    41.82561098250  -87.92830663890
1462    41.80886256790  -88.02413447370
1463    41.80928200950  -88.00501007070
1464    41.80977141190  -87.98562856800
1465    41.81024054800  -87.96624968260
1466    41.81061973420  -87.94692044320
1467    41.81100320690  -87.92761516400
1468    41.79445631490  -88.02354268430
1469    41.79485916990  -88.00444700030
1470    41.79524956850  -87.98503063230
1471    41.79566648800  -87.96569372340
1472    41.79607372550  -87.94633251350
1473    41.79646821460  -87.92696998480
1474    41.78001258360  -88.02294800150
1475    41.78038201520  -88.00396687750
1476    41.78073206670  -87.98452416370
1477    41.78112550480  -87.96514308680
1478    41.78153918570  -87.94575641810
1479    41.78191929290  -87.92641511530
1480    41.76543436090  -88.02239690510
1481    41.76582473990  -88.00352207880
1482    41.76619363330  -87.98404475470
1483    41.76655386900  -87.96462339040
1484    41.76693257300  -87.94524237020
1485    41.76731906170  -87.92588930960
1486    41.75093519940  -88.02194334980
1487    41.75129585250  -88.00301591200
1488    41.75165386790  -87.98359217330
1489    41.75201628120  -87.96416059340
1490    41.75239448710  -87.94473439860
1491    41.75280101760  -87.92533958670
1492    41.73643358060  -88.02148330670
1493    41.73676310790  -88.00262524460
1494    41.73708666110  -87.98315452770
1495    41.73745948270  -87.96369627420
1496    41.73787917390  -87.94424045360
1497    41.73826949150  -87.92483714160
1498    41.71472945120  -88.01106806370
1499    41.71538215040  -87.97280058740
1500    41.71717047440  -87.93638724080
1501    41.69283813410  -88.01043713520
1502    41.69424365080  -87.97382200960
1503    41.70973117480  -88.24314753680
1504    41.71023790360  -88.20584304120
1505    41.71081906410  -88.16710098260
1506    41.68005240980  -88.24232596040
1507    41.68065344050  -88.20478509060
1508    41.68140971650  -88.16600637450
1509    41.65096695210  -88.24133078160
1510    41.65161893170  -88.20366802500
1511    41.65243830190  -88.16491274160
1512    41.62194331000  -88.24019373730
1513    41.62281234550  -88.20257264170
1514    41.62348785420  -88.16393107160
1515    41.59326778770  -88.23900751390
1516    41.59400042550  -88.20150930190
1517    41.59451944660  -88.16282987460
1518    41.56462915160  -88.23774691110
1519    41.56504713270  -88.20033516510
1520    41.56550322750  -88.16171302730
1521    41.53564923150  -88.23666070190
1522    41.53606071230  -88.19919030590
1523    41.53648527090  -88.16055832210
1524    41.50661254390  -88.23559588460
1525    41.50703521780  -88.19805618150
1526    41.50746037410  -88.15940447520
1527    41.47762833960  -88.23444644960
1528    41.47816316860  -88.19688827330
1529    41.47877205190  -88.15818978420
1530    41.44141754040  -88.22331417680
1531    41.44260700340  -88.16640894860
1532    41.39796861340  -88.22157841490
1533    41.39912079650  -88.16460152520
1534    41.35451125450  -88.22020465310
1535    41.35571591020  -88.16290079690
1536    41.31090533700  -88.21884823310
1537    41.31233017600  -88.16123149400
1538    41.26749617570  -88.21760793960
1539    41.26868857830  -88.15991573340
1540    41.22384000830  -88.21583753160
1541    41.22497511420  -88.15850465210
1542    41.71199048600  -88.12735399650
1543    41.71281412690  -88.08800756590
1544    41.72074392350  -88.05944536320
1545    41.72131449220  -88.04003229750
1546    41.70599468820  -88.05889586930
1547    41.70666257270  -88.03945379690
1548    41.68266890280  -88.12646242880
1549    41.68355504070  -88.08699204000
1550    41.68461562970  -88.04839054370
1551    41.66053349040  -88.13544805860
1552    41.66100269930  -88.11529312470
1553    41.64598564470  -88.13500400300
1554    41.64650385760  -88.11486304480
1555    41.65454044690  -88.08601655440
1556    41.65556872820  -88.04746520950
1557    41.62438194590  -88.12440917470
1558    41.62542486320  -88.08502248940
1559    41.62644001140  -88.04657910870
1560    41.59528732770  -88.12346667380
1561    41.59625834260  -88.08407902020
1562    41.59732095270  -88.04552937680
1563    41.56623321950  -88.12239689020
1564    41.56725912620  -88.08303844770
1565    41.56822982750  -88.04457605800
1566    41.54420864080  -88.13113787350
1567    41.54471892530  -88.11119677710
1568    41.52968960310  -88.13066643960
1569    41.53021691750  -88.11070893410
1570    41.54519300780  -88.09193726790
1571    41.54571968470  -88.07266776000
1572    41.53073172540  -88.09146027450
1573    41.53130093540  -88.07215238740
1574    41.54623470070  -88.05341072500
1575    41.54675058200  -88.03432527250
1576    41.53183384420  -88.05296327680
1577    41.53233725540  -88.03382418780
1578    41.51519847170  -88.13008531490
1579    41.51577283540  -88.11019347800
1580    41.50089052710  -88.12962751270
1581    41.50154193790  -88.10988139130
1582    41.51635326700  -88.09100378880
1583    41.51693501870  -88.07175545710
1584    41.50210805280  -88.09054033050
1585    41.50264923570  -88.07125766280
1586    41.51746745910  -88.05250758020
1587    41.51793638050  -88.03335241080
1588    41.50315030790  -88.05205064760
1589    41.50354238510  -88.03292536180
1590    41.48659510900  -88.12906615560
1591    41.48729926940  -88.10943717460
1592    41.47223850330  -88.12845566020
1593    41.47285030140  -88.10878473970
1594    41.48088536360  -88.08021986920
1595    41.48174138770  -88.04174748130
1596    41.44390564830  -88.10819310520
1597    41.44520132870  -88.05020147580
1598    41.40057243310  -88.10681036950
1599    41.40161559170  -88.04868464100
1600    41.35718943260  -88.10512930780
1601    41.35796453370  -88.04688081050
1602    41.31349287300  -88.10344490900
1603    41.31414271030  -88.04560865480
1604    41.26983865370  -88.10119995200
1605    41.27048428600  -88.04239364520
1606    41.22613050900  -88.10009448760
1607    41.22696854280  -88.04140849310
1608    41.62736699330  -88.00822090790
1609    41.62821771860  -87.96973345170
1610    41.62906107990  -87.93092014310
1611    41.59829663450  -88.00720544080
1612    41.59914171690  -87.96867550650
1613    41.60003497900  -87.92998353500
1614    41.56918530620  -88.00623078790
1615    41.57008551940  -87.96768061670
1616    41.57091847020  -87.92907858330
1617    41.54025445030  -88.00525703440
1618    41.54109979400  -87.96667503710
1619    41.54175825000  -87.92813487030
1620    41.51143581000  -88.00427212990
1621    41.51208463800  -87.96573747770
1622    41.51274191410  -87.92720473660
1623    41.48253124540  -88.00329676050
1624    41.48310531320  -87.96467775520
1625    41.48375795880  -87.92609173080
1626    41.45348571470  -88.00234776990
1627    41.45411722550  -87.96377116500
1628    41.45435205480  -87.92453708810
1629    41.42439787760  -88.00137463340
1630    41.42471162950  -87.96221383420
1631    41.42530007420  -87.92298340670
1632    41.39510054030  -87.99990782000
1633    41.39561520470  -87.96091516130
1634    41.39581125960  -87.92180976490
1635    41.35864925720  -87.98882816900
1636    41.35933586530  -87.93084823130
1637    41.31471586530  -87.98763064920
1638    41.31565244210  -87.92985178730
1639    41.54241629400  -87.88954861970
1640    41.54307508500  -87.85072850410
1641    41.54333039480  -87.81133515790
1642    41.51322856090  -87.88850680530
1643    41.51359823760  -87.84943018330
1644    41.51389769150  -87.81023017290
1645    41.48427563700  -87.88754856510
1646    41.48450572910  -87.84859215840
1647    41.48443736700  -87.80963092790
1648    41.45517722480  -87.88486964950
1649    41.45525403280  -87.84539945070
1650    41.45544351140  -87.80657991870
1651    41.42544739070  -87.88362494340
1652    41.42598645130  -87.84485438930
1653    41.42644575600  -87.80610629230
1654    41.39636861280  -87.88309144410
1655    41.39691026630  -87.84434319550
1656    41.39736646360  -87.80570286240
1657    41.36017973950  -87.87279339540
1658    41.36091617320  -87.81480057450
1659    41.31659441120  -87.87195605650
1660    41.31731747520  -87.81397672500
1661    41.45556745350  -87.76763098670
1662    41.45555281200  -87.72893990590
1663    41.45573868160  -87.69042933380
1664    41.42685657940  -87.76733939630
1665    41.42719429630  -87.72867385640
1666    41.42737832730  -87.69008849860
1667    41.39782766310  -87.76702138660
1668    41.39824943150  -87.72851066430
1669    41.39831068290  -87.68997219320
1670    41.36152193420  -87.75686834380
1671    41.36193286830  -87.69897792050
1672    41.31789916850  -87.75622951800
1673    41.31835871480  -87.69848140810
1674    41.45585450820  -87.65181160980
1675    41.45614948010  -87.61333481820
1676    41.45651187900  -87.57483714600
1677    41.44956724190  -87.54067120730
1678    41.42757502640  -87.65155102990
1679    41.42805005790  -87.61293197190
1680    41.42844041040  -87.57441127160
1681    41.40708535310  -87.54044608560
1682    41.39850259590  -87.65126542340
1683    41.39900952540  -87.61265247740
1684    41.39937061860  -87.57401661490
1685    41.36236258910  -87.64089853720
1686    41.36290340110  -87.58308494420
1687    41.36343256670  -87.54032750190
1688    41.31884891610  -87.64060240170
1689    41.31936648640  -87.58274626920
1690    41.31985803370  -87.54027487660
1691    41.69747540370  -88.57509809070
1692    41.69807107870  -88.51798693060
1693    41.69901819600  -88.45917018240
1694    41.70030035440  -88.40002202140
1695    41.71176000650  -88.35984876350
1696    41.71213888060  -88.33408316490
1697    41.68969481510  -88.35923393740
1698    41.68979587420  -88.33349027770
1699    41.70181125180  -88.29011147600
1700    41.65328547910  -88.57408602800
1701    41.65462967120  -88.51806592980
1702    41.65930358540  -88.45745996710
1703    41.66469439620  -88.41541745320
1704    41.65559539110  -88.36459343810
1705    41.65759529220  -88.28886834900
1706    41.58880679990  -88.54248634770
1707    41.59296095220  -88.42833112420
1708    41.59221931890  -88.31260181530
1709    41.50121810860  -88.54011858990
1710    41.50294423310  -88.42422919030
1711    41.50513734230  -88.30972692310
1712    41.41784744480  -88.30772343600
1713    41.33222485420  -88.30775159600
1714    41.41380629470  -88.53774075560
1715    41.41565507080  -88.42276108090
1716    41.32919848850  -88.52814324340
1717    41.32356223240  -88.41649936730
1718    41.23897351270  -88.53094707920
1719    41.24124079940  -88.41780189130
1720    41.24356353910  -88.30326683150
1721    41.15175968460  -88.52906615460
1722    41.15365195810  -88.41494453890
1723    41.15658141380  -88.30045671140
1724    42.45418840280  -88.88125168590
1725    42.45350374810  -88.76355390460
1726    42.37071082570  -88.90099716180
1727    42.37133773750  -88.78340205720
1728    42.28354502160  -88.88149139650
1729    42.28442792140  -88.76355404200
1730    42.19647937790  -88.88118579340
1731    42.19724223540  -88.76390224230
1732    42.10931037460  -88.88080806700
1733    42.10997251420  -88.76383921370
1734    42.11008389010  -88.64686349130
1735    42.02243437910  -88.88583689420
1736    42.02311037800  -88.77239232040
1737    42.02372605600  -88.65843133480
1738    41.93568855520  -88.88548498500
1739    41.96197231750  -88.76656173310
1740    41.92128985990  -88.79945622320
1741    41.93459995210  -88.76324989420
1742    41.91289502090  -88.73959946760
1743    41.93706773520  -88.65813491080
1744    41.84846279850  -88.88498400670
1745    41.84909740400  -88.77172849670
1746    41.84972191990  -88.65845619280
1747    41.76113061820  -88.88508208870
1748    41.76170062230  -88.77194775620
1749    41.76251452750  -88.65877720260
1750    41.67369627940  -88.87957697430
1751    41.67431320400  -88.76594152350
1752    41.67493190000  -88.65804405880
1753    41.24965513190  -87.95459947850
1754    41.25101295950  -87.83857668260
1755    41.25200144000  -87.72243829180
1756    41.25307658330  -87.59536354710
1757    41.15890882470  -88.18509467590
1758    41.16106539510  -88.06916061110
1759    41.12877160420  -87.96475665770
1760    41.18218325050  -87.91854294800
1761    41.17447916090  -87.82193882320
1762    41.15482747150  -87.86018713050
1763    41.14094843670  -87.86379391590
1764    41.12587581420  -87.85849536560
1765    41.09821163130  -87.87448951500
1766    41.12049216380  -87.82194368300
1767    41.15682906330  -87.71278752790
1768    41.16486771700  -87.59471426360
1769    41.05574883350  -88.19142575880
1770    41.05808834940  -88.07543286930
1771    41.03945825640  -87.92534200420
1772    41.07544404320  -87.78001933370
1773    41.04293023910  -87.71404321550
1774    41.06507258050  -87.59160837160
1775    42.42019704530  -89.29740850620
1776    42.28021395170  -89.27103755350
1777    42.45274241780  -89.10609097750
1778    42.46350704410  -88.99180325570
1779    42.42696010250  -89.00565779950
1780    42.37220760860  -89.11230331660
1781    42.39242359370  -88.99509618140
1782    42.35465937230  -88.99017813750
1783    42.31630634870  -89.12554529580
1784    42.33870484150  -89.05921216180
1785    42.32606222630  -89.04564419260
1786    42.33112756330  -88.97967031190
1787    42.30505997880  -89.08232029770
1788    42.30758446760  -89.04862236690
1789    42.31349801800  -89.01528652910
1790    42.29693206110  -88.96863289500
1791    42.27501556590  -89.15186490900
1792    42.26106985640  -89.11941125120
1793    42.28054592540  -89.11705944800
1794    42.29230269140  -89.10155050380
1795    42.28919573500  -89.07638460390
1796    42.29229230520  -89.02616137910
1797    42.27572836070  -89.10201166810
1798    42.26023409300  -89.09135790900
1799    42.27189345740  -89.07204690540
1800    42.27852378770  -89.05042280000
1801    42.25117293170  -89.06676567450
1802    42.26257387140  -89.04167666960
1803    42.26730392040  -89.01424127120
1804    42.25830775060  -88.97092982190
1805    42.20984524090  -89.13782061330
1806    42.23705951700  -89.08130733810
1807    42.22849861080  -89.04922893050
1808    42.24547361360  -89.04264206830
1809    42.23620641660  -89.00591313680
1810    42.18035174390  -89.07805910930
1811    42.19161107990  -88.98155660000
1812    42.10718753600  -89.11469450630
1813    42.10806938840  -88.99789517010
1814    42.02040402590  -89.11409475330
1815    42.02156480270  -88.99911540100
1816    41.93352683270  -89.11198480700
1817    41.93483042300  -88.99822433470
1818    41.84661213890  -89.11119013000
1819    41.84749616230  -88.99766734280
1820    41.75954310340  -89.11148670980
1821    41.76037321770  -88.99809497060
1822    41.67166646180  -89.10970856380
1823    41.67209195790  -88.99610069240
1824    41.58391876350  -89.10889050320
1825    41.52252470780  -88.96120990350
1826    41.58803686790  -88.65950565860
1827    41.47108978900  -88.68649402520
1828    41.38501689580  -88.86566697280
1829    41.32424997570  -89.13518695730
1830    41.32431516170  -89.07756784100
1831    41.34889978210  -88.87961965000
1832    41.30655542360  -88.86989676560
1833    41.23759373270  -88.64602666350
1834    41.20167247990  -88.94197662930
1835    41.16029111530  -88.84959785600
1836    41.66301158780  -87.50878538310
1837    41.66471143360  -87.46957577480
1838    41.65752917170  -87.43894815890
1839    41.63129983520  -87.44628635690
1840    41.61324669490  -87.40835848930
1841    41.61866144070  -87.34459438420
1842    41.61067856480  -87.25259773400
1843    41.60507016470  -87.45605163930
1844    41.59893432130  -87.51669632350
1845    41.60200442290  -87.49567954530
1846    41.58108943780  -87.49456559370
1847    41.58645338200  -87.47455217860
1848    41.58052714990  -87.44626958670
1849    41.57954366880  -87.41575167570
1850    41.58317602140  -87.38316678470
1851    41.57805435580  -87.33186307620
1852    41.58218155840  -87.27862943690
1853    41.56043786480  -87.50889521860
1854    41.55294644480  -87.48251755500
1855    41.55715161320  -87.44588871660
1856    41.54992300960  -87.42291531820
1857    41.56335748150  -87.38027905860
1858    41.55587159540  -87.34657602080
1859    41.55974384800  -87.32121519790
1860    41.55147686470  -87.27836865740
1861    41.55790864870  -87.23757642060
1862    41.53506749520  -87.51854846940
1863    41.50976552360  -87.47039625620
1864    41.53610299410  -87.46556886940
1865    41.52338044890  -87.41200397280
1866    41.53837320390  -87.36884843160
1867    41.52978446120  -87.30441881350
1868    41.50773168890  -87.50720190000
1869    41.48487828360  -87.48636407430
1870    41.45716626530  -87.49789240900
1871    41.45314803520  -87.39684442740
1872    41.46430182910  -87.41378382330
1873    41.49551726070  -87.39809727080
1874    41.50621084470  -87.34738205560
1875    41.47845418980  -87.35803221020
1876    41.47811282600  -87.26818058760
1877    41.39181600280  -87.47871146880
1878    41.42558902510  -87.37877000570
1879    41.38982579420  -87.34534049280
1880    41.25973331610  -87.47570181040
1881    41.27595654340  -87.38604946280
1882    41.31503782160  -87.27512899780
1883    41.62969305990  -87.12178533230
1884    41.62101592590  -87.03908805140
1885    41.57487961870  -87.20413392670
1886    41.58730171230  -87.15317474930
1887    41.56345387820  -87.15575625870
1888    41.55426401660  -87.07360528980
1889    41.54103385870  -87.19031298830
1890    41.53608979520  -87.13852236720
1891    41.47821055050  -87.17186682930
1892    41.47181419640  -87.08884748660
1893    41.48094278610  -87.06938867310
1894    41.48702324720  -87.03961830840
1895    41.50369177720  -86.98482397720
1896    41.38972898440  -87.14712142200
1897    41.30011581840  -87.06076963150
1898    41.71232943400  -86.90593403690
1899    41.72638325120  -86.84457317540
1900    41.69898039900  -86.86569806350
1901    41.67793258870  -86.88544922430
1902    41.71529668080  -86.70691185620
1903    41.59502030160  -86.86157273410
1904    41.59893207290  -86.78279196460
1905    41.63812162170  -86.71830273680
1906    41.59475684690  -86.70570324150
1907    41.66783326130  -86.61869031920
1908    41.54246005050  -86.62449993910
1909    41.39852410750  -86.82545042060
1910    42.55192669690  -88.23449801310
1911    42.58767948170  -88.12284662890
1912    42.59285835360  -87.99019073300
1913    42.63439266020  -87.86040744060
1914    42.64762924940  -87.82952578110
1915    42.61338827360  -87.83261166380
1916    42.58508175110  -87.89006037910
1917    42.59097114820  -87.85066863500
1918    42.59103701670  -87.82441789340
1919    42.57352825800  -87.85036391340
1920    42.57325140280  -87.82412268930
1921    42.53705992620  -87.91965995000
1922    42.52401708600  -87.87115155450
1923    42.55869488210  -87.83388907060
1924    42.54410732370  -87.83381296760
1925    42.51360407190  -87.83125949900
1926    42.71778564740  -88.25914846940
1927    42.75692144390  -88.14740495400
1928    42.75993049330  -87.98633554320
1929    42.80948844930  -87.83582378810
1930    42.76739670030  -87.87008144860
1931    42.77354658500  -87.78960291510
1932    42.74065695670  -87.82145964850
1933    42.74085918020  -87.79373417380
1934    42.72655598040  -87.87048367540
1935    42.71504756850  -87.82116507860
1936    42.71600251500  -87.79319317120
1937    42.69040011370  -87.87517486830
1938    42.68780523750  -87.81520991430
1939    42.75535003970  -88.71922975430
1940    42.71816688110  -88.57744745490
1941    42.73995880210  -88.41527404100
1942    42.58092955960  -88.70231262420
1943    42.55479387230  -88.52997299200
1944    42.55500882090  -88.36902950310

